5.186445266008377 Test loss (%)
98.7595796585083 Test accuracy (%)

98.58596148452044 Kappa accuracy (%)
98.7595818815331 Overall accuracy (%)
95.62468594998631 Average accuracy (%)

                              precision    recall  f1-score   support

                     Alfalfa       1.00      0.97      0.98        32
                 Corn-notill       0.97      0.99      0.98      1000
                Corn-mintill       0.99      0.97      0.98       581
                        Corn       0.96      0.99      0.98       166
               Grass-pasture       0.98      0.99      0.98       338
                 Grass-trees       0.98      1.00      0.99       511
         Grass-pasture-mowed       1.00      0.90      0.95        20
               Hay-windrowed       0.98      1.00      0.99       335
                        Oats       0.90      0.64      0.75        14
              Soybean-notill       1.00      0.97      0.99       680
             Soybean-mintill       1.00      0.99      0.99      1719
               Soybean-clean       0.97      1.00      0.99       415
                       Wheat       1.00      0.94      0.97       143
                       Woods       1.00      1.00      1.00       886
Buildings-Grass-Trees-Drives       0.99      0.99      0.99       270
          Stone-Steel-Towers       0.98      0.95      0.97        65

                    accuracy                           0.99      7175
                   macro avg       0.98      0.96      0.97      7175
                weighted avg       0.99      0.99      0.99      7175

[[  31    0    1    0    0    0    0    0    0    0    0    0    0    0
     0    0]
 [   0  994    2    2    0    1    0    0    0    0    1    0    0    0
     0    0]
 [   0    7  563    5    1    0    0    0    0    0    0    1    0    1
     3    0]
 [   0    0    0  165    0    0    0    0    0    0    0    1    0    0
     0    0]
 [   0    0    0    0  333    2    0    0    0    0    2    0    0    1
     0    0]
 [   0    0    0    0    0  511    0    0    0    0    0    0    0    0
     0    0]
 [   0    0    0    0    2    0   18    0    0    0    0    0    0    0
     0    0]
 [   0    0    0    0    0    0    0  335    0    0    0    0    0    0
     0    0]
 [   0    0    0    0    3    0    0    0    9    0    0    1    0    0
     0    1]
 [   0   10    4    0    0    0    0    0    0  663    0    3    0    0
     0    0]
 [   0   11    0    0    0    4    0    0    0    0 1704    0    0    0
     0    0]
 [   0    0    0    0    1    0    0    0    0    0    0  414    0    0
     0    0]
 [   0    0    0    0    0    0    0    6    0    0    0    2  135    0
     0    0]
 [   0    0    0    0    0    3    0    0    0    0    0    0    0  882
     1    0]
 [   0    0    0    0    0    2    0    0    1    0    0    0    0    0
   267    0]
 [   0    0    0    0    0    0    0    0    0    0    0    3    0    0
     0   62]]